,,,,,
0.330589243,0.067609609,0.064170863,0.004866793,0.499163998,0.033599494
,,,,,
,,,,,
0.282415155,0.062783799,0.052368999,0.010725396,0.560842121,0.03086453
,,,,,
0.292011378,0.064581435,0.060659525,0.013756194,0.539284302,0.029707167
0.30927021,0.069123602,0.059718388,0.00869436,0.515668055,0.037525385
0.344232594,0.076125124,0.068809566,0.008161829,0.470696713,0.031974174
,,,,,
0.328431624,0.069246957,0.07035175,0.007158687,0.487788611,0.037022371
0.297720977,0.073346752,0.072606442,0.010907081,0.503821316,0.041597433
0.313385037,0.07307093,0.071792069,0.006095506,0.497572497,0.038083961
0.256685729,0.068813559,0.08937023,0.012122106,0.523951803,0.049056574
0.234902666,0.07095497,0.091567971,0.016249911,0.537073889,0.049250592
0.189589377,0.063497985,0.080013618,0.01820983,0.605018446,0.043670744
0.205340626,0.068953196,0.087240435,0.022420906,0.570673202,0.045371636
0.171708781,0.06376583,0.088727922,0.022747637,0.604781212,0.048268617
0.238238459,0.067944047,0.089057989,0.012626997,0.544638798,0.04749371
0.20723775,0.067271673,0.08889238,0.017200193,0.56847128,0.050926724
0.202558454,0.06881448,0.098607475,0.016757217,0.562398297,0.050864077
0.240060195,0.072213199,0.095731803,0.013514261,0.528901469,0.049579073
0.228444727,0.070145469,0.097444467,0.013069467,0.538971015,0.051924856
0.548,0.041,0.012,0.002,0.392,0.005
0.543,0.031,0.009,0.002,0.41,0.005
0.54,0.042,0.014,0.002,0.396,0.007
0.452,0.049,0.025,0.002,0.462,0.009
0.426,0.053,0.028,0.003,0.479,0.011
0.432,0.046,0.025,0.003,0.484,0.011
0.419,0.055,0.033,0.003,0.479,0.011
0.384,0.059,0.047,0.004,0.494,0.013
0.388,0.056,0.043,0.003,0.494,0.015
0.359,0.068,0.062,0.004,0.48,0.026
0.365,0.058,0.051,0.003,0.498,0.024
0.342,0.066,0.059,0.006,0.499,0.029
0.369,0.062,0.055,0.006,0.482,0.027
0.34,0.063,0.059,0.007,0.506,0.026
0.345,0.067,0.063,0.006,0.49,0.031
0.344,0.071,0.069,0.004,0.481,0.032
0.34,0.062,0.061,0.005,0.503,0.029
0.224,0.06,0.066,0.007,0.598,0.045
0.251,0.051,0.063,0.006,0.586,0.042
0.23,0.045,0.067,0.007,0.603,0.047
0.28331704,0.06948833,0.125957963,0.014629122,0.427255905,0.07935164
0.427925308,0.059960351,0.072626693,0.008357174,0.375170645,0.055959829
0.327639013,0.076111359,0.086292001,0.009768064,0.441153732,0.059035831
0.279253872,0.074106652,0.10925325,0.011037103,0.441584276,0.084764846
0.237840415,0.059831068,0.081706236,0.009628297,0.549665628,0.061328356
0.297734701,0.086441797,0.13749347,0.014252797,0.380405929,0.083671305
0.393540816,0.094135827,0.122392524,0.018601607,0.307591945,0.063737282
0.182,0.05,0.064,0.011,0.635,0.058
0.176,0.051,0.07,0.011,0.63,0.061
0.152,0.046,0.068,0.016,0.66,0.059
0.204,0.057,0.07,0.012,0.602,0.055
0.181,0.048,0.065,0.012,0.642,0.051
0.194,0.05,0.063,0.009,0.625,0.06
0.18,0.049,0.072,0.009,0.628,0.061
0.177,0.052,0.076,0.009,0.622,0.063
0.2,0.059,0.078,0.011,0.597,0.056
0.169,0.051,0.063,0.014,0.651,0.053
0.193,0.06,0.077,0.013,0.593,0.065
0.197,0.061,0.073,0.01,0.604,0.054
0.193,0.066,0.07,0.009,0.613,0.048
0.217,0.055,0.073,0.009,0.592,0.054
0.2,0.063,0.086,0.012,0.575,0.065
0.213,0.057,0.073,0.011,0.592,0.054
0.203,0.064,0.087,0.011,0.573,0.06
0.193,0.062,0.085,0.011,0.591,0.059
0.183,0.057,0.077,0.01,0.625,0.049
0.212,0.06,0.078,0.01,0.584,0.057
0.205,0.061,0.078,0.012,0.586,0.058
0.201,0.058,0.075,0.01,0.604,0.053
0.213,0.062,0.085,0.01,0.571,0.059
0.218,0.055,0.079,0.009,0.577,0.061
0.199,0.052,0.076,0.009,0.606,0.058
0.179,0.05,0.08,0.01,0.63,0.051
0.179,0.052,0.077,0.01,0.633,0.049
0.145,0.05,0.071,0.013,0.663,0.058
0.135,0.05,0.077,0.014,0.667,0.058
0.119,0.047,0.072,0.015,0.7,0.046
0.137,0.049,0.07,0.013,0.67,0.06
0.175,0.05,0.069,0.012,0.64,0.054
0.436267119,0.040756139,0.017811942,0.006370034,0.492092645,0.006702121
0.365157166,0.063440687,0.049910682,0.007952636,0.494596823,0.018942006
0.307882323,0.072354321,0.055075677,0.007343424,0.535637959,0.021706296
0.535249976,0.048536126,0.036402094,0.005651467,0.360696549,0.013463788
0.455142745,0.061369317,0.043299463,0.006239214,0.41867512,0.015274141
0.280991577,0.078901462,0.04789369,0.007387589,0.567889507,0.016936174
0.861817034,0.010585514,0.005427176,0.001436605,0.118456945,0.002276726
0.467910435,0.049251644,0.024053129,0.005364229,0.44479198,0.008628583
0.43600598,0.066957906,0.036321505,0.005716689,0.442174849,0.012823071
0.448113823,0.069313579,0.039135141,0.005365952,0.425241633,0.012829871
0.45967313,0.071767323,0.035433239,0.005104789,0.417391547,0.010629972
0.431359919,0.055545314,0.027874017,0.004469979,0.470310685,0.010440086
0.47188216,0.05389317,0.028766507,0.005436283,0.43091053,0.009111351
0.452606676,0.059614164,0.032470694,0.005369503,0.439707312,0.010231651
0.458836394,0.046132743,0.020510631,0.006399058,0.460680409,0.007440765
0.454148547,0.056161837,0.028427596,0.008223202,0.443747847,0.009290971
0.486397362,0.033106719,0.013984735,0.005504196,0.456644403,0.004362585
0.454660129,0.043181855,0.020159169,0.004867981,0.470762402,0.006368465
0.446865664,0.046435265,0.022345981,0.005087276,0.472276752,0.006989062
0.516539679,0.023590968,0.007561472,0.003131727,0.446065031,0.003111123
0.497117892,0.022069975,0.008800345,0.003902561,0.465358544,0.002750684
0.434376518,0.026077418,0.010153093,0.004659735,0.521548369,0.003184865
0.495749241,0.021742155,0.008326529,0.002974614,0.468292578,0.002914882
0.5152,0.0698,0.0209,0.0042,0.3832,0.0068
0.4962,0.0609,0.0179,0.0027,0.4146,0.0077
0.4634,0.0432,0.0123,0.005,0.4733,0.0029
0.5221,0.0248,0.0067,0.0019,0.4411,0.0034
0.496,0.0225,0.0055,0.0026,0.4707,0.0027
0.5112,0.0676,0.0207,0.0032,0.3883,0.0091
0.5434,0.061,0.0192,0.0039,0.3655,0.0069
0.5492,0.0329,0.0092,0.0042,0.4016,0.003
0.502,0.0131,0.0037,0.002,0.4784,0.0008
0.497,0.0481,0.014,0.0031,0.4307,0.0071
0.541,0.0234,0.0068,0.0024,0.4237,0.0027
0.5461,0.0608,0.0197,0.0034,0.3622,0.0078
0.5164,0.0328,0.0097,0.0027,0.4341,0.0043
0.4588,0.0345,0.0103,0.0038,0.4891,0.0036
0.4967,0.0204,0.0049,0.0025,0.4724,0.003
0.5642,0.0242,0.0068,0.0034,0.3991,0.0022
0.494,0.0554,0.0175,0.0029,0.4217,0.0085
0.5419,0.0398,0.0117,0.0053,0.3975,0.0038
0.5404,0.0342,0.011,0.003,0.4074,0.004
0.5056,0.0232,0.0064,0.0027,0.459,0.0032
0.5421,0.0341,0.0104,0.0047,0.4057,0.0029
0.503,0.0342,0.0099,0.003,0.4446,0.0052
0.531,0.0204,0.0056,0.0021,0.4378,0.0031
0.4886,0.0279,0.0087,0.0037,0.4686,0.0025
0.5258,0.0389,0.0118,0.0053,0.4145,0.0037
0.5681,0.0274,0.0084,0.0037,0.3898,0.0026
0.5173,0.0162,0.0042,0.0017,0.4579,0.0028
0.5326,0.0502,0.0167,0.0032,0.39,0.0072
0.5414,0.0219,0.0068,0.0024,0.4248,0.0026
0.5574,0.0261,0.0077,0.0037,0.4023,0.0028
0.5328,0.0367,0.0108,0.0039,0.4104,0.0053
0.4826,0.0197,0.0051,0.0025,0.487,0.0031
0.5336,0.0275,0.0078,0.0035,0.4238,0.0038
0.5472,0.0195,0.006,0.0023,0.4226,0.0025
0.5435,0.017,0.0047,0.0021,0.4302,0.0025
0.5111,0.0208,0.0052,0.0025,0.4566,0.0038
0.5515,0.0198,0.0058,0.0031,0.4178,0.0021
0.4792,0.0495,0.0167,0.0057,0.4436,0.0051
0.5234,0.041,0.0151,0.0031,0.4127,0.0047
0.5436,0.0282,0.0085,0.0042,0.4126,0.0031
0.4966,0.0389,0.0141,0.0031,0.4427,0.0046
0.4778,0.0345,0.0113,0.003,0.4683,0.005
0.5261,0.0325,0.0108,0.0031,0.4232,0.0044
0.5152,0.0206,0.0057,0.003,0.4527,0.0029
0.4563,0.0532,0.0188,0.0071,0.4605,0.0041
0.528,0.0321,0.0098,0.0035,0.4216,0.0049
0.5053,0.0248,0.0066,0.0035,0.4559,0.0039
0.5517,0.0195,0.0057,0.0031,0.4178,0.0023
0.5183,0.0256,0.0078,0.0037,0.4415,0.003
0.5295,0.0234,0.007,0.0035,0.4339,0.0028
0.5527,0.021,0.0062,0.0032,0.4143,0.0025
0.4635,0.0373,0.0127,0.0049,0.4779,0.0037
0.4461,0.0237,0.0067,0.0023,0.5167,0.0045
0.5303,0.0337,0.0109,0.0036,0.4167,0.0048
0.5486,0.0281,0.0091,0.0042,0.4072,0.0028
0.4957,0.0233,0.0073,0.0028,0.4676,0.0034
0.5596,0.0176,0.0053,0.0031,0.4126,0.0017
0.4995,0.0566,0.0223,0.0032,0.4111,0.0073
0.565,0.0373,0.0123,0.0025,0.376,0.0068
0.5208,0.015,0.004,0.0018,0.4555,0.0029
0.5319,0.0361,0.0116,0.0027,0.411,0.0068
0.5426,0.0207,0.0062,0.0024,0.4246,0.0035
0.5015,0.0642,0.0262,0.0034,0.3966,0.0081
0.5417,0.0505,0.0176,0.003,0.3781,0.0092
0.5312,0.0328,0.0107,0.0035,0.4165,0.0052
0.5431,0.019,0.0057,0.0032,0.4267,0.0024
0.5317,0.0235,0.0069,0.0027,0.4308,0.0044
0.5214,0.0371,0.0121,0.0043,0.4194,0.0057
0.5506,0.0245,0.0062,0.0059,0.4103,0.0025
0.5789,0.0182,0.0056,0.0031,0.3921,0.0022
0.4948,0.0636,0.0262,0.0032,0.4035,0.0087
0.5591,0.0189,0.006,0.0033,0.4106,0.0021
0.55,0.0172,0.0052,0.003,0.4225,0.002
0.4794,0.0181,0.0048,0.0025,0.4917,0.0035
0.499,0.0543,0.022,0.0032,0.414,0.0075
0.5143,0.06,0.0249,0.0031,0.3896,0.0081
0.4921,0.0592,0.0243,0.0035,0.413,0.008
0.4682,0.034,0.0127,0.0032,0.4773,0.0047
0.4995,0.0472,0.0191,0.0032,0.4247,0.0063
0.5107,0.0158,0.0047,0.003,0.4639,0.0019
0.5767,0.0147,0.0047,0.0027,0.3996,0.0016
0.5262,0.0368,0.013,0.0039,0.4145,0.0056
0.5306,0.0154,0.0046,0.0027,0.4445,0.0021
0.5814,0.0174,0.0054,0.003,0.3906,0.0022
0.5258,0.0148,0.0043,0.0026,0.4504,0.0021
0.4333,0.0216,0.0072,0.0022,0.5319,0.0037
0.4688,0.0233,0.0078,0.0029,0.4936,0.0036
0.4789,0.0648,0.0274,0.0034,0.4164,0.0091
0.4928,0.0606,0.0248,0.0032,0.4093,0.0094
0.5028,0.0331,0.0123,0.0049,0.4438,0.0032
0.4313,0.0234,0.0085,0.0028,0.5308,0.0032
0.4872,0.0603,0.0261,0.0035,0.4151,0.0077
0.5301,0.0157,0.0051,0.0028,0.4444,0.0019
0.5124,0.0145,0.0044,0.0027,0.464,0.002
0.5002,0.0145,0.0045,0.0026,0.4763,0.0019
0.5059,0.0345,0.0131,0.0048,0.4381,0.0036
0.5227,0.0161,0.005,0.0025,0.4512,0.0025
0.5165,0.0192,0.0061,0.0025,0.4524,0.0033
0.5082,0.0122,0.0034,0.002,0.4719,0.0023
0.5283,0.0365,0.0133,0.0051,0.4123,0.0045
0.5002,0.0137,0.0038,0.002,0.4774,0.0028
0.5652,0.0147,0.0048,0.0029,0.4109,0.0016
0.4367,0.013,0.0038,0.0017,0.542,0.0027
0.49,0.0383,0.0152,0.0038,0.4473,0.0053
0.5067,0.0153,0.0047,0.0028,0.4683,0.0023
0.4786,0.0627,0.0271,0.0038,0.4189,0.009
0.5004,0.0613,0.0291,0.0035,0.3992,0.0065
0.5824,0.0179,0.006,0.0034,0.3882,0.0021
0.5475,0.015,0.005,0.0031,0.4278,0.0016
0.5433,0.0153,0.0049,0.0031,0.4316,0.0018
0.4062,0.0218,0.0077,0.0021,0.558,0.0042
0.4971,0.0142,0.0045,0.0029,0.4794,0.0018
0.4317,0.0237,0.0086,0.0037,0.5291,0.0032
0.4871,0.0637,0.0288,0.0037,0.4077,0.0092
0.5356,0.0273,0.0113,0.0038,0.4192,0.0028
0.551,0.0151,0.0051,0.0033,0.424,0.0015
0.5037,0.0126,0.0036,0.0022,0.4754,0.0025
0.5524,0.0154,0.005,0.0031,0.4221,0.0021
0.5117,0.0607,0.0291,0.0035,0.3875,0.0074
0.5304,0.0149,0.0049,0.0031,0.4447,0.0019
0.5327,0.0159,0.0052,0.0031,0.441,0.0022
0.4704,0.0667,0.0294,0.0042,0.4186,0.0106
0.5886,0.041,0.0156,0.005,0.3431,0.0066
0.5182,0.0161,0.0053,0.003,0.455,0.0023
0.5209,0.0397,0.0165,0.0045,0.4129,0.0055
0.5377,0.0359,0.015,0.0043,0.4024,0.0047
0.5462,0.0146,0.005,0.003,0.4295,0.0018
0.5382,0.0145,0.0047,0.0029,0.4376,0.002
0.4943,0.0148,0.0047,0.0024,0.4811,0.0028
0.471,0.0684,0.0312,0.0043,0.4148,0.0103
0.5492,0.0151,0.0052,0.0031,0.4256,0.0018
0.5478,0.0163,0.0055,0.0033,0.425,0.0021
0.4968,0.057,0.0255,0.004,0.408,0.0087
0.5753,0.044,0.0186,0.0044,0.3512,0.0066
0.4632,0.0393,0.0171,0.0058,0.471,0.0034
0.5256,0.0161,0.0057,0.0025,0.4474,0.0026
0.5358,0.0152,0.0052,0.0031,0.4387,0.002
0.4429,0.0215,0.0082,0.0025,0.5211,0.0038
0.4781,0.043,0.0174,0.0068,0.4498,0.0049
0.5127,0.0148,0.0048,0.0029,0.4624,0.0025
0.4808,0.0622,0.0283,0.0039,0.4142,0.0107
0.4572,0.0445,0.0196,0.0071,0.4676,0.0041
0.4821,0.0394,0.0176,0.0041,0.4511,0.0056
0.5263,0.04,0.0168,0.0048,0.406,0.0061
0.5214,0.0378,0.0162,0.0046,0.4146,0.0055
0.5166,0.0393,0.0166,0.0045,0.4168,0.0062
0.5511,0.0152,0.0051,0.0031,0.4231,0.0023
0.5259,0.0407,0.0177,0.0048,0.405,0.0059
0.4296,0.0198,0.0067,0.0026,0.5367,0.0045
0.4931,0.0146,0.0044,0.0021,0.4821,0.0037
0.4738,0.0557,0.0254,0.0035,0.4314,0.0102
0.4776,0.0135,0.0043,0.0029,0.4994,0.0022
0.5119,0.0597,0.0233,0.0038,0.3865,0.0148
0.4745,0.0658,0.0303,0.0053,0.4134,0.0106
0.5641,0.0147,0.005,0.0031,0.4107,0.0023
0.4471,0.0779,0.0337,0.0109,0.4201,0.0103
0.4833,0.0662,0.032,0.0052,0.4039,0.0096
0.4901,0.0251,0.0099,0.0035,0.467,0.0043
0.4901,0.0251,0.0099,0.0035,0.467,0.0043
0.5575,0.0417,0.0182,0.0051,0.3713,0.0062
0.4874,0.0398,0.0176,0.0039,0.4446,0.0068
0.4519,0.018,0.0066,0.0026,0.5173,0.0036
0.5033,0.015,0.0051,0.0032,0.4711,0.0024
0.5049,0.0218,0.0058,0.006,0.4578,0.0037
0.525,0.0403,0.0181,0.0049,0.4058,0.006
0.5819,0.0569,0.0244,0.0064,0.3203,0.0101
0.5115,0.0149,0.0052,0.0031,0.463,0.0024
0.4911,0.0133,0.0047,0.0031,0.486,0.0018
0.472,0.0255,0.0109,0.0021,0.4842,0.0054
0.5122,0.0476,0.0209,0.0099,0.4059,0.0036
0.5359,0.0411,0.0185,0.0049,0.3932,0.0063
0.4961,0.0324,0.014,0.0034,0.4481,0.006
0.4195,0.0191,0.0068,0.0027,0.5476,0.0043
0.3462,0.0186,0.0065,0.0035,0.6216,0.0035
0.5132,0.0148,0.0051,0.0032,0.4612,0.0025
0.4924,0.0129,0.0045,0.003,0.4852,0.0019
0.4888,0.013,0.0044,0.0029,0.4888,0.0021
0.4576,0.0699,0.0346,0.005,0.4212,0.0117
0.4527,0.0684,0.0332,0.0047,0.4286,0.0123
0.5453,0.0395,0.0181,0.0052,0.3862,0.0058
0.5015,0.0136,0.0051,0.0032,0.4749,0.0018
0.4896,0.014,0.0048,0.0031,0.486,0.0025
0.4994,0.06,0.0267,0.0046,0.3962,0.0132
0.5621,0.0175,0.0065,0.004,0.4073,0.0026
0.5008,0.0565,0.0232,0.0054,0.4006,0.0134
0.483,0.0134,0.0047,0.0031,0.4936,0.0022
0.4712,0.0125,0.0042,0.003,0.5069,0.0022
0.4948,0.0346,0.0172,0.004,0.4445,0.0049
0.4615,0.0566,0.0267,0.004,0.4393,0.012
0.4798,0.0127,0.0042,0.003,0.4977,0.0025
0.4763,0.0124,0.0045,0.003,0.5017,0.0021
0.4703,0.012,0.004,0.0027,0.5084,0.0026
0.4704,0.0121,0.0041,0.0026,0.5081,0.0027
0.4576,0.0125,0.0041,0.0029,0.5203,0.0026
0.4687,0.0123,0.0044,0.0031,0.5095,0.002
0.5317,0.0322,0.011,0.0028,0.4109,0.0113
0.4784,0.013,0.0046,0.0032,0.4983,0.0024
0.4737,0.0377,0.0183,0.0039,0.4586,0.0078
0.4499,0.0674,0.0338,0.0051,0.429,0.0148
0.4707,0.0557,0.0293,0.0046,0.4292,0.0106
0.4563,0.0117,0.0043,0.0031,0.5225,0.002
0.5512,0.0341,0.0123,0.0028,0.3872,0.0124
0.5112,0.0533,0.022,0.0038,0.3923,0.0174
0.3918,0.0361,0.0134,0.0053,0.5428,0.0107
0.3767,0.0369,0.0147,0.0061,0.5565,0.0091
0.4771,0.0132,0.0049,0.0031,0.4989,0.0028
0.4591,0.0754,0.0396,0.0064,0.4033,0.0162
0.4363,0.0824,0.0507,0.0021,0.4135,0.0151
0.4519,0.0693,0.0381,0.0059,0.4209,0.0138
0.4148,0.0306,0.0141,0.0038,0.529,0.0078
0.4461,0.053,0.0288,0.0038,0.4565,0.0117
0.4372,0.0705,0.0388,0.0065,0.4328,0.0142
0.4318,0.0238,0.011,0.0037,0.5242,0.0056
0.4645,0.0421,0.0229,0.0042,0.4577,0.0087
0.4224,0.0719,0.0401,0.0063,0.4443,0.015
0.5034,0.0266,0.0123,0.0042,0.4472,0.0063
0.4964,0.0737,0.042,0.0061,0.3665,0.0153
0.4461,0.0578,0.0334,0.0096,0.4461,0.007
0.3788,0.0113,0.004,0.0028,0.6,0.0031
0.454,0.0675,0.04,0.0043,0.4194,0.0149
0.4709,0.0599,0.0316,0.0054,0.4166,0.0156
0.4531,0.0447,0.0249,0.0043,0.4629,0.0101
0.434,0.0846,0.0547,0.0035,0.4062,0.0169
0.4492,0.0709,0.0411,0.0055,0.4167,0.0166
0.4058,0.0328,0.015,0.0035,0.5319,0.0109
0.4507,0.0713,0.042,0.0073,0.4137,0.015
0.4194,0.0723,0.0417,0.0068,0.443,0.0169
0.4954,0.0649,0.0382,0.0068,0.3808,0.0138
0.4052,0.0704,0.0466,0.0037,0.4606,0.0135
0.496,0.0763,0.0457,0.0075,0.3585,0.016
0.4539,0.0613,0.0295,0.0065,0.4284,0.0205
0.489,0.0726,0.0439,0.0073,0.3714,0.0157
0.4304,0.0617,0.0385,0.0038,0.451,0.0147
0.5472,0.0171,0.0088,0.0045,0.4198,0.0025
0.4118,0.0705,0.0414,0.0051,0.4522,0.0189
0.4058,0.0261,0.0137,0.0038,0.5438,0.0069
0.5038,0.0694,0.0417,0.007,0.3616,0.0165
0.4428,0.0903,0.06,0.0067,0.381,0.0192
0.4806,0.0709,0.045,0.0071,0.381,0.0154
0.3819,0.0332,0.0175,0.0035,0.5527,0.0111
0.3929,0.0761,0.0488,0.0072,0.4567,0.0182
0.5178,0.0769,0.0496,0.0077,0.3303,0.0177
0.4499,0.0844,0.0572,0.0069,0.3833,0.0183
0.4635,0.0758,0.0502,0.0072,0.386,0.0173
0.4456,0.0491,0.0308,0.0052,0.4567,0.0126
0.492,0.0705,0.0454,0.0073,0.3674,0.0174
0.4617,0.0768,0.0512,0.0074,0.3849,0.018
0.4551,0.0748,0.0494,0.0076,0.3951,0.0181
0.4116,0.0678,0.0427,0.0106,0.4525,0.0147
0.4392,0.0685,0.0436,0.009,0.4231,0.0166
0.4523,0.078,0.053,0.0078,0.3906,0.0184
0.463,0.0748,0.0507,0.0074,0.386,0.0181
0.4232,0.0835,0.0577,0.0079,0.4071,0.0206
0.4508,0.0787,0.054,0.008,0.3891,0.0193
0.4653,0.0275,0.0153,0.0055,0.4781,0.0083
0.4117,0.0592,0.0357,0.0102,0.4663,0.0168
0.3914,0.0745,0.0493,0.0083,0.4551,0.0214
0.4297,0.0832,0.0607,0.0082,0.397,0.0212
0.3763,0.0795,0.0581,0.0088,0.4554,0.0218
0.4131,0.0395,0.0261,0.0052,0.5033,0.0128
0.3961,0.0619,0.0392,0.006,0.4718,0.0251
0.335,0.0896,0.0627,0.0087,0.4717,0.0324
0.3909,0.0662,0.0486,0.0098,0.4662,0.0184
0.3785,0.0674,0.0502,0.0068,0.4759,0.0212
0.4045,0.0532,0.0395,0.0061,0.4803,0.0163
0.3522,0.0556,0.0336,0.0111,0.5269,0.0206
0.3804,0.0671,0.0484,0.0114,0.4737,0.019
0.3667,0.0766,0.057,0.009,0.4665,0.0241
0.3144,0.0481,0.0326,0.0102,0.5806,0.014
0.3533,0.0909,0.0732,0.0068,0.4476,0.0282
0.365,0.0852,0.0687,0.0081,0.4466,0.0263
0.3562,0.077,0.0589,0.009,0.4729,0.0259
0.3929,0.0493,0.0382,0.0065,0.4964,0.0166
0.3176,0.0607,0.0439,0.0161,0.5458,0.016
0.3528,0.0878,0.0719,0.0055,0.4494,0.0326
0.3717,0.0665,0.0514,0.0071,0.4784,0.0249
0.3473,0.0911,0.0716,0.0058,0.4471,0.0371
0.3931,0.0796,0.0613,0.0051,0.4273,0.0336
0.3645,0.0895,0.0729,0.0126,0.4322,0.0284
0.322,0.0759,0.0599,0.01,0.5052,0.0269
0.3757,0.0686,0.0575,0.0089,0.4677,0.0216
0.3454,0.0798,0.0652,0.0086,0.4724,0.0286
0.3397,0.0777,0.0655,0.0074,0.4826,0.0271
0.3168,0.0642,0.0499,0.0097,0.534,0.0254
0.3413,0.0762,0.0674,0.0072,0.4804,0.0274
0.3427,0.0851,0.0742,0.006,0.4574,0.0346
0.3357,0.0793,0.0685,0.0101,0.477,0.0293
0.3274,0.082,0.0749,0.0062,0.4784,0.0311
0.3272,0.0776,0.0693,0.0075,0.4883,0.0301
0.3135,0.0754,0.0637,0.011,0.5069,0.0294
0.3251,0.0702,0.0576,0.014,0.5073,0.0258
0.3134,0.0815,0.0733,0.0072,0.4908,0.0339
0.3329,0.0805,0.0738,0.0111,0.4726,0.0291
0.3131,0.0684,0.0579,0.0144,0.5216,0.0246
0.3142,0.0702,0.0583,0.0124,0.5157,0.0291
0.3368,0.0779,0.0718,0.0091,0.4736,0.0308
0.3102,0.0802,0.0721,0.008,0.4944,0.035
0.2957,0.0806,0.0734,0.0076,0.5073,0.0353
0.2664,0.0732,0.0655,0.0155,0.5539,0.0254
0.3451,0.0751,0.0692,0.0088,0.4698,0.0321
0.3162,0.0822,0.0802,0.0082,0.4808,0.0323
0.3381,0.0776,0.0738,0.0099,0.4704,0.0302
0.3076,0.0823,0.0772,0.0078,0.4888,0.0364
0.3144,0.0844,0.0815,0.0081,0.4764,0.0351
0.3145,0.0813,0.0815,0.0078,0.4836,0.0312
0.3173,0.0785,0.0759,0.0079,0.4876,0.0328
0.3121,0.0806,0.0769,0.0082,0.4872,0.035
0.3201,0.0763,0.0744,0.0077,0.4886,0.0329
0.3309,0.0693,0.0657,0.0081,0.4953,0.0307
0.314,0.077,0.078,0.008,0.4916,0.0314
0.3088,0.075,0.0745,0.0079,0.5013,0.0325
0.3225,0.0798,0.0785,0.0074,0.4752,0.0366
0.3167,0.0783,0.0765,0.0089,0.4847,0.0349
0.3296,0.0797,0.0796,0.0085,0.4682,0.0344
0.2972,0.0815,0.0797,0.0101,0.4949,0.0367
0.3389,0.0778,0.0765,0.0126,0.4624,0.0318
0.3176,0.0737,0.0723,0.0078,0.494,0.0346
0.2985,0.0751,0.0714,0.0113,0.5087,0.0351
0.2911,0.0759,0.0732,0.0142,0.5139,0.0318
0.3009,0.0741,0.0743,0.0124,0.5081,0.0302
0.2959,0.0673,0.0659,0.0116,0.5305,0.0287
0.2854,0.0516,0.0496,0.0133,0.5812,0.0189
0.2958,0.0721,0.072,0.0135,0.5176,0.0289
0.3429,0.0696,0.0654,0.0088,0.4751,0.0381
0.3241,0.0813,0.0848,0.01,0.4627,0.0371
0.2571,0.074,0.0754,0.0137,0.5483,0.0315
0.1695,0.0709,0.0892,0.0113,0.6436,0.0157
0.3037,0.0736,0.0781,0.0087,0.5005,0.0354
0.2739,0.0812,0.0915,0.0084,0.5085,0.0365
0.2987,0.0774,0.0816,0.0133,0.4918,0.0373
0.2946,0.0728,0.0808,0.0081,0.5072,0.0364
0.2884,0.0715,0.0768,0.0085,0.5167,0.038
0.2628,0.0708,0.0743,0.0158,0.5438,0.0324
0.2758,0.0678,0.0733,0.014,0.5384,0.0307
0.2889,0.0728,0.0821,0.0091,0.5099,0.0373
0.2723,0.0701,0.0783,0.0116,0.5336,0.034
0.291,0.0743,0.0832,0.0112,0.5028,0.0375
0.2723,0.0743,0.0804,0.0173,0.5192,0.0363
0.3191,0.0734,0.0738,0.0164,0.4724,0.0447
0.275,0.0652,0.0749,0.0116,0.5395,0.0339
0.2721,0.0665,0.0771,0.0113,0.5377,0.0353
0.2737,0.0661,0.0746,0.0109,0.5372,0.0375
0.2596,0.073,0.0907,0.0098,0.5291,0.0378
0.2828,0.0708,0.0856,0.0099,0.5122,0.0387
0.242,0.0689,0.0672,0.0181,0.5573,0.0464
0.2759,0.0677,0.0842,0.0104,0.5269,0.0349
0.2343,0.0718,0.072,0.0195,0.5564,0.0459
0.2617,0.0694,0.0823,0.0114,0.5358,0.0394
0.2909,0.0713,0.0872,0.0114,0.5001,0.0391
0.2899,0.0724,0.0829,0.0143,0.4977,0.0427
0.2249,0.062,0.0614,0.0165,0.5924,0.0428
0.2383,0.0581,0.0735,0.0118,0.5901,0.0283
0.2877,0.0702,0.0831,0.014,0.503,0.0419
0.2319,0.0693,0.0761,0.0138,0.5611,0.0477
0.2993,0.0748,0.0931,0.0179,0.4775,0.0375
0.3484,0.0695,0.0632,0.0035,0.4421,0.0733
0.2477,0.071,0.0803,0.0187,0.5368,0.0455
0.2633,0.0712,0.0948,0.0125,0.5182,0.0399
0.2863,0.0715,0.0842,0.0127,0.4941,0.0513
0.2791,0.0729,0.0924,0.0108,0.4953,0.0495
0.2506,0.0651,0.086,0.0175,0.5453,0.0355
0.2236,0.0732,0.0777,0.0195,0.5465,0.0595
0.2824,0.0717,0.0879,0.0121,0.4919,0.0541
0.2229,0.0675,0.0794,0.0166,0.5636,0.0501
0.2311,0.0734,0.0933,0.017,0.5364,0.0488
0.2023,0.0696,0.0813,0.0179,0.5764,0.0524
0.2366,0.0663,0.0781,0.0148,0.5488,0.0553
0.2607,0.0649,0.0798,0.0128,0.5285,0.0533
0.2466,0.0682,0.0852,0.0155,0.5313,0.0531
0.2145,0.0729,0.0941,0.0179,0.5477,0.053
0.1884,0.0503,0.0652,0.0102,0.6468,0.0391
0.2441,0.0681,0.0826,0.0128,0.5326,0.0598
0.2394,0.0902,0.1557,0.017,0.4646,0.0331
0.2441,0.0678,0.0861,0.0125,0.533,0.0564
0.2074,0.0763,0.1012,0.0184,0.5411,0.0556
0.2276,0.0662,0.0809,0.0116,0.5541,0.0596
0.2802,0.0634,0.0791,0.0123,0.5097,0.0553
0.2393,0.0656,0.0806,0.0119,0.5432,0.0593
0.2348,0.0652,0.077,0.0117,0.5485,0.0627
0.2557,0.0638,0.076,0.0115,0.5319,0.0611
0.2508,0.0671,0.0871,0.0117,0.5258,0.0576
0.2251,0.066,0.0816,0.0125,0.5547,0.06
0.2443,0.0636,0.077,0.012,0.5429,0.0601
0.2102,0.0669,0.0783,0.0125,0.5662,0.066
0.2398,0.0678,0.084,0.0125,0.5334,0.0626
0.2248,0.0656,0.0802,0.012,0.5547,0.0627
0.2411,0.0633,0.0804,0.0121,0.5427,0.0604
0.1955,0.0599,0.072,0.0139,0.5988,0.0599
0.2341,0.0653,0.0844,0.013,0.5413,0.0619
0.2314,0.0633,0.082,0.0125,0.5509,0.06
0.226,0.0658,0.0848,0.013,0.5469,0.0635
0.2172,0.0643,0.0942,0.0177,0.5573,0.0494
0.1624,0.0651,0.0937,0.0237,0.6034,0.0516
0.1332,0.057,0.0874,0.0257,0.6258,0.071
0.1397,0.0478,0.0931,0.0256,0.6034,0.0904
0.0894,0.0411,0.1019,0.0264,0.6366,0.1047
0.285,0.074,0.08,0.015,0.515,0.031
0.356,0.054,0.04,0.01,0.509,0.03
0.356,0.062,0.038,0.013,0.521,0.01
0.354,0.062,0.039,0.011,0.525,0.009
0.295,0.064,0.064,0.011,0.54,0.026
0.306,0.07,0.061,0.011,0.533,0.02
0.363,0.059,0.036,0.01,0.516,0.016
0.298,0.067,0.065,0.011,0.527,0.031
0.293,0.073,0.067,0.014,0.52,0.035
0.328,0.063,0.054,0.012,0.519,0.024
0.37,0.059,0.039,0.014,0.507,0.012
0.34,0.066,0.044,0.012,0.521,0.017
0.274,0.078,0.066,0.014,0.537,0.03
0.275,0.071,0.076,0.011,0.523,0.044
0.359,0.063,0.036,0.013,0.524,0.005
0.347,0.066,0.039,0.013,0.525,0.01
0.302,0.068,0.055,0.013,0.528,0.034
0.253,0.095,0.087,0.012,0.503,0.051
0.34,0.069,0.046,0.013,0.516,0.015
0.371,0.069,0.037,0.012,0.503,0.008
0.375,0.058,0.029,0.011,0.51,0.017
0.387,0.052,0.023,0.01,0.51,0.018
0.403,0.048,0.021,0.009,0.507,0.011
0.382,0.051,0.024,0.008,0.526,0.009
0.373,0.067,0.029,0.01,0.511,0.01
0.351,0.072,0.048,0.013,0.496,0.02
0.305,0.071,0.057,0.014,0.525,0.029
0.326,0.073,0.048,0.013,0.527,0.012
0.377,0.055,0.027,0.009,0.523,0.01
0.376,0.046,0.019,0.007,0.549,0.003
0.379,0.055,0.029,0.01,0.522,0.006
0.382,0.044,0.021,0.008,0.54,0.005
0.305,0.07,0.059,0.012,0.528,0.025
0.356,0.062,0.035,0.011,0.524,0.013
0.37,0.06,0.034,0.01,0.515,0.01
0.357,0.061,0.035,0.013,0.511,0.023
0.324,0.07,0.051,0.011,0.521,0.023
0.345,0.062,0.037,0.012,0.531,0.011
0.352,0.063,0.039,0.011,0.521,0.013
0.3,0.07,0.059,0.012,0.534,0.024
0.346,0.061,0.04,0.014,0.539,0.0
0.341,0.063,0.038,0.012,0.535,0.011
0.338,0.062,0.037,0.011,0.539,0.014
0.323,0.064,0.041,0.013,0.54,0.018
0.328,0.065,0.05,0.012,0.53,0.016
0.308,0.07,0.049,0.012,0.533,0.027
,,,,,
,,,,,
,,,,,
,,,,,
,,,,,
,,,,,
,,,,,
,,,,,
,,,,,
,,,,,
,,,,,
,,,,,
,,,,,
,,,,,
0.1705,0.0584,0.0995,0.02,0.5709,0.0807
0.1146,0.0457,0.0807,0.019,0.6577,0.0823
0.1231,0.0545,0.1113,0.0241,0.5947,0.0924
0.1112,0.0477,0.0924,0.0213,0.6395,0.0878
0.0989,0.047,0.0962,0.0222,0.654,0.0816
0.1013,0.0459,0.0906,0.0226,0.6541,0.0855
0.1137,0.0497,0.1137,0.022,0.6022,0.0988
0.0904,0.043,0.0983,0.0195,0.6583,0.0905
0.0808,0.0422,0.1028,0.0186,0.6564,0.0992
0.1061,0.0458,0.1216,0.021,0.6056,0.0999
0.0721,0.0368,0.1015,0.0208,0.6691,0.0996
0.0781,0.0372,0.1074,0.0211,0.6565,0.0998
0.0747,0.0367,0.1016,0.0194,0.6622,0.1054
0.0828,0.0393,0.1143,0.0215,0.6269,0.1152
0.0874,0.0402,0.1155,0.0205,0.6156,0.1207
0.0749,0.0385,0.1079,0.0231,0.639,0.1167
0.0841,0.0401,0.1228,0.0238,0.617,0.1122
0.0771,0.0373,0.1111,0.0236,0.6423,0.1086
0.0795,0.0377,0.1249,0.0236,0.6174,0.1169
0.0768,0.0327,0.1125,0.0226,0.6377,0.1177
,,,,,
0.2286,0.0575,0.0696,0.01,0.592,0.0424
0.217,0.0631,0.0781,0.0121,0.5811,0.0487
0.2218,0.0617,0.0802,0.0115,0.5795,0.0453
0.2086,0.0621,0.0772,0.0124,0.5913,0.0484
0.2101,0.0603,0.0768,0.0116,0.5949,0.0464
0.1999,0.0616,0.0812,0.0109,0.5964,0.0501
0.1637,0.0535,0.0787,0.0142,0.6414,0.0485
0.2178,0.0587,0.0804,0.0098,0.5938,0.0395
0.17,0.0597,0.0518,0.0159,0.6826,0.0201
0.1943,0.0548,0.0397,0.0136,0.6863,0.0114
0.2156,0.0465,0.0297,0.0111,0.69,0.007
,,,,,
0.412,0.0783,0.0462,0.0044,0.4412,0.018
0.3988,0.0759,0.0503,0.0078,0.4456,0.0217
0.3508,0.0783,0.0623,0.0086,0.4705,0.0295
0.3792,0.0549,0.0283,0.0069,0.5121,0.0186
0.3716,0.0713,0.0544,0.0088,0.4631,0.0307
0.4141,0.0584,0.0268,0.0096,0.4683,0.0228
0.399,0.0399,0.0267,0.005,0.516,0.0133
0.189445772,0.071111384,0.085709334,0.021716364,0.569130636,0.06288651
0.5656,0.0531,0.0234,0.0011,0.3304,0.0264
0.5409,0.0465,0.0142,0.0022,0.3658,0.0303
0.5446,0.062,0.0172,0.0018,0.345,0.0294
0.5288,0.0255,0.0105,0.0037,0.4163,0.0154
0.5246,0.0443,0.0155,0.0054,0.3868,0.0234
0.5504,0.0386,0.0135,0.0038,0.3704,0.0233
0.5603,0.0169,0.0058,0.0027,0.3815,0.0328
0.6201,0.0226,0.0063,0.0022,0.331,0.0178
0.5744,0.0381,0.0147,0.0033,0.3457,0.0239
0.6003,0.0331,0.0113,0.0037,0.331,0.0207
0.5818,0.0341,0.0107,0.0034,0.3468,0.0232
0.5675,0.0315,0.0098,0.0034,0.3642,0.0236
0.5649,0.0353,0.0111,0.003,0.3504,0.0353
0.5805,0.0273,0.0091,0.0029,0.3557,0.0245
0.581,0.0323,0.01,0.0026,0.3443,0.0299
0.5652,0.0214,0.0061,0.0034,0.375,0.0289
0.612,0.0301,0.0102,0.004,0.3116,0.0322
0.5846,0.0301,0.0087,0.0036,0.3401,0.0329
0.5585,0.0169,0.006,0.0042,0.3825,0.032
0.5425,0.0598,0.0221,0.0054,0.348,0.0221
0.5256,0.0292,0.0132,0.0045,0.4223,0.0052
0.4891,0.0306,0.0118,0.0043,0.4591,0.0051
0.5121,0.0331,0.0121,0.0043,0.4329,0.0056
0.4911,0.0238,0.0136,0.0046,0.4626,0.0044
0.4942,0.0415,0.0128,0.0063,0.4388,0.0063
0.4903,0.0409,0.0164,0.0056,0.4401,0.0067
0.5031,0.0272,0.016,0.0044,0.4444,0.0048
0.4938,0.0266,0.0137,0.004,0.4569,0.005
0.5034,0.02,0.0119,0.004,0.4566,0.004
0.4853,0.0203,0.0072,0.0043,0.4789,0.004
0.4491,0.018,0.0052,0.0044,0.5183,0.0049
0.5038,0.021,0.005,0.0045,0.4619,0.0038
0.4537,0.0191,0.0055,0.0045,0.5133,0.0038
0.4878,0.0214,0.0152,0.0047,0.4671,0.0036
0.5001,0.0218,0.0057,0.0042,0.4641,0.0041
0.4952,0.0242,0.0255,0.0067,0.4423,0.0061
0.5333,0.0235,0.0113,0.0054,0.4217,0.0049
0.4756,0.022,0.0179,0.0058,0.4735,0.0052
0.4486,0.0225,0.0088,0.0053,0.5105,0.0044
0.4927,0.0209,0.0064,0.0047,0.4715,0.0038
0.5028,0.0233,0.0324,0.0067,0.4295,0.0053
0.485,0.0217,0.0062,0.0045,0.4782,0.0043
0.4585,0.0279,0.0099,0.0061,0.4928,0.0049
0.4342,0.0204,0.0108,0.0066,0.5223,0.0058
0.411,0.0211,0.0129,0.0074,0.5408,0.0067
0.4731,0.0348,0.0166,0.012,0.4559,0.0076
0.5291,0.0357,0.0167,0.0102,0.4019,0.0063
0.4658,0.0428,0.0191,0.0154,0.449,0.0079
0.4966,0.0462,0.0365,0.019,0.391,0.0107
0.4956,0.0206,0.009,0.0056,0.4655,0.0037
0.46,0.0202,0.0055,0.0055,0.5034,0.0055
0.4866,0.0212,0.0084,0.0047,0.475,0.0039
0.4697,0.0199,0.0079,0.0049,0.494,0.0036
0.4733,0.023,0.0092,0.0054,0.4846,0.0045
0.4788,0.0227,0.0076,0.0065,0.4791,0.0053
0.489,0.0213,0.0101,0.0061,0.4694,0.0042
0.4749,0.0222,0.0072,0.0049,0.4865,0.0042
0.4835,0.0209,0.0066,0.0065,0.4772,0.0053
0.4646,0.0232,0.0079,0.0067,0.4926,0.0049
0.4912,0.0224,0.0065,0.0061,0.4691,0.0046
0.4759,0.023,0.0075,0.0063,0.4828,0.0046
0.4828,0.0245,0.0088,0.0071,0.4716,0.0053
0.4773,0.0249,0.0099,0.0061,0.4778,0.004
0.4699,0.0278,0.0107,0.0075,0.4794,0.0048
0.474,0.0293,0.012,0.0067,0.4721,0.0059
0.4871,0.034,0.0137,0.0082,0.4524,0.0046
0.4965,0.0358,0.0139,0.0097,0.4392,0.0049
0.4764,0.0375,0.015,0.0082,0.457,0.0059
0.4859,0.0464,0.0213,0.0103,0.4297,0.0064
0.4941,0.0457,0.0186,0.011,0.4258,0.0048
0.4968,0.0465,0.015,0.0106,0.4235,0.0075
0.5341,0.0683,0.0264,0.015,0.346,0.0102
0.4824,0.073,0.0388,0.004,0.3894,0.0124
0.4922,0.0798,0.0409,0.0035,0.3726,0.0109
0.4359,0.082,0.0535,0.0,0.4286,0.0
0.4306,0.0924,0.041,0.0,0.4222,0.0138
0.4564,0.0873,0.0533,0.0037,0.3981,0.0013
0.4448,0.0736,0.0462,0.0038,0.4182,0.0134
0.4852,0.0735,0.0378,0.004,0.3981,0.0013
0.463,0.0649,0.0407,0.0067,0.4089,0.0158
0.4857,0.0611,0.0373,0.0035,0.4023,0.01
0.4465,0.0595,0.0288,0.003,0.4483,0.0139
0.444,0.0657,0.0392,0.0045,0.4295,0.0171
0.7234,0.1208,0.0704,0.0099,0.0728,0.0028
0.7106,0.1187,0.0761,0.0,0.0904,0.0042
0.4646,0.0621,0.0375,0.0,0.4102,0.0257
0.4263,0.0665,0.0437,0.0,0.4439,0.0196
0.4192,0.0646,0.0429,0.0064,0.4454,0.0214
0.7518,0.1037,0.0667,0.0102,0.065,0.0027
0.4224,0.0647,0.0428,0.0,0.4544,0.0157
0.4877,0.0559,0.0327,0.0037,0.4088,0.0112
0.7588,0.1155,0.0583,0.0,0.0674,0.0
0.4475,0.07,0.043,0.0033,0.4241,0.0121
0.4682,0.0602,0.0337,0.0036,0.4242,0.0102
0.447,0.0356,0.0165,0.003,0.4891,0.0088
0.4577,0.0751,0.0421,0.0032,0.4101,0.0118
0.4388,0.0687,0.028,0.0074,0.4461,0.0111
0.4963,0.0556,0.0275,0.0036,0.4093,0.0078
0.4385,0.0779,0.0555,0.0,0.4102,0.018
0.4415,0.0714,0.0533,0.0,0.421,0.0128
0.4447,0.0851,0.0521,0.0,0.4012,0.017
0.4467,0.0702,0.0467,0.0,0.4205,0.016
0.4279,0.0794,0.0516,0.004,0.4229,0.0142
0.4391,0.0803,0.0512,0.0038,0.4121,0.0136
0.7312,0.1237,0.0765,0.0057,0.0613,0.0018
0.4931,0.0159,0.0041,0.0024,0.4829,0.0016
0.4912,0.0307,0.0079,0.0,0.4702,0.0
0.5653,0.0358,0.0109,0.0023,0.3858,0.0
0.5226,0.0407,0.0128,0.0027,0.4175,0.0037
0.5127,0.0618,0.0215,0.0033,0.3955,0.0053
0.5191,0.0537,0.0177,0.003,0.4002,0.0064
0.6066,0.0459,0.0149,0.0025,0.3221,0.0079
0.5795,0.0552,0.0178,0.0029,0.3372,0.0075
0.5794,0.0538,0.0193,0.0023,0.3387,0.0064
0.577,0.057,0.0188,0.0036,0.3356,0.008
0.5816,0.0496,0.0156,0.0029,0.3428,0.0074
0.5462,0.0565,0.0321,0.0024,0.3518,0.0109
0.5339,0.0659,0.0216,0.0011,0.3713,0.0061
0.5464,0.0592,0.0268,0.0034,0.357,0.0072
0.5497,0.0502,0.019,0.0028,0.3677,0.0106
0.5682,0.0462,0.0178,0.0019,0.3573,0.0086
0.5371,0.0638,0.0264,0.0029,0.3599,0.0099
0.5809,0.0484,0.0175,0.0026,0.3421,0.0085
0.5626,0.0578,0.0204,0.0025,0.3483,0.0085
0.5707,0.0684,0.0246,0.003,0.323,0.0103
0.5807,0.0632,0.0193,0.0023,0.3232,0.0114
0.5915,0.0545,0.0194,0.0023,0.3258,0.0064
0.5576,0.0562,0.018,0.0027,0.3541,0.0114
0.5851,0.0656,0.0175,0.0023,0.322,0.0075
0.4523,0.0672,0.0281,0.0026,0.4421,0.0078
0.5263,0.0342,0.0109,0.0037,0.4215,0.0034
0.541,0.0527,0.0221,0.0033,0.371,0.0099
0.5614,0.0533,0.0226,0.0,0.3539,0.0089
0.5265,0.0611,0.0232,0.0046,0.372,0.0126
0.4988,0.0659,0.0259,0.0047,0.3917,0.0131
0.5006,0.0674,0.0389,0.0016,0.3815,0.0101
0.5546,0.0547,0.0277,0.0022,0.3541,0.0067
0.5447,0.0662,0.0277,0.0017,0.3526,0.007
0.4546,0.0795,0.0335,0.0038,0.418,0.0106
0.516,0.0699,0.0316,0.0039,0.3681,0.0105
0.5052,0.0582,0.029,0.0071,0.3917,0.0088
0.5105,0.0639,0.0346,0.0045,0.3719,0.0147
0.5046,0.0692,0.0316,0.0044,0.3769,0.0133
0.563,0.0672,0.026,0.0035,0.3307,0.0097
0.5065,0.0798,0.0342,0.0028,0.3633,0.0133
0.4954,0.0719,0.0347,0.0029,0.3845,0.0105
0.5482,0.0736,0.0295,0.0028,0.3362,0.0096
0.548,0.0604,0.0248,0.0028,0.3503,0.0137
0.5296,0.0703,0.0301,0.0027,0.3522,0.0152
0.5516,0.0614,0.0226,0.0028,0.3524,0.0092
0.5449,0.0641,0.0272,0.0027,0.3531,0.008
0.5133,0.0502,0.0231,0.0066,0.3953,0.0115
0.5074,0.0677,0.0349,0.0037,0.3712,0.0153
0.5165,0.0692,0.0309,0.0038,0.3682,0.0115
0.5387,0.0712,0.03,0.0033,0.3479,0.0088
0.486,0.0703,0.0353,0.0032,0.3995,0.0056
0.4717,0.0627,0.0338,0.0033,0.4134,0.0151
0.5406,0.0653,0.0271,0.0026,0.3547,0.0096
0.4991,0.0653,0.0364,0.0035,0.383,0.0127
0.5314,0.0673,0.0341,0.0027,0.3528,0.0116
0.4497,0.068,0.044,0.0037,0.4187,0.0159
0.184665569,0.064363402,0.092367705,0.019260292,0.594899004,0.044319062
0.213055849,0.065630404,0.098837479,0.017179833,0.560009025,0.044716653
0.162627316,0.062848019,0.093043594,0.020069991,0.614801428,0.046487886
0.1649053,0.066577803,0.094368211,0.023427832,0.602347033,0.048227426
0.193732821,0.063561818,0.098350162,0.018160414,0.57858073,0.047333055
0.174566855,0.068172122,0.092166967,0.020496413,0.597950513,0.046574514
0.176427436,0.067040772,0.097085508,0.017910419,0.584089246,0.057278193
0.179800374,0.067959485,0.100681115,0.01987923,0.581579656,0.050006358
0.184755873,0.071314011,0.10097585,0.018112122,0.573635522,0.051094032
0.169300067,0.067305579,0.092904404,0.020354192,0.600975069,0.049074222
0.144004469,0.063220547,0.087833383,0.024466844,0.630401641,0.050023012
0.17847759,0.067309982,0.096719089,0.018664722,0.586592486,0.052122983
0.181834739,0.067114138,0.097753556,0.018740796,0.586028669,0.04839815
0.186226345,0.068074821,0.097061733,0.018170382,0.581658002,0.048618728
0.185696109,0.069992288,0.097813168,0.016785551,0.578296622,0.051230151
0.20485868,0.069417047,0.095214707,0.016935855,0.568499611,0.044934829
0.205143498,0.065494517,0.089090104,0.018225842,0.577670431,0.043652582
0.184965002,0.063135159,0.081910091,0.020539026,0.611346017,0.03771264
0.23684472,0.067425391,0.081550882,0.016700917,0.552264515,0.043353326
0.252235413,0.069126799,0.087598268,0.015299983,0.536284381,0.038943498
0.265989977,0.067817251,0.083797741,0.014733097,0.525212172,0.041300325
0.259200448,0.069878627,0.083351527,0.014333685,0.532594227,0.040212626
0.225301749,0.057455106,0.082881051,0.019112206,0.57315269,0.041753
0.2323444,0.067105295,0.079398,0.017124734,0.559267348,0.043957204
0.254740282,0.070641624,0.082556673,0.014778984,0.535889413,0.04106189
0.237833488,0.072684722,0.083457837,0.017196139,0.547040957,0.041629132
0.242661776,0.070699231,0.082226197,0.01680329,0.547235121,0.040181574
0.213279359,0.074613433,0.081949001,0.021156547,0.567333089,0.041583203
0.223512438,0.075237408,0.081309626,0.020019506,0.56056262,0.039224987
0.248716376,0.076239678,0.082193064,0.017282171,0.53325994,0.042035935
0.253351465,0.083034477,0.085590789,0.018354123,0.518195621,0.041293703
0.260439563,0.082082684,0.083244974,0.018307498,0.515444115,0.04035467
0.244680194,0.077505512,0.079696601,0.018049688,0.539658723,0.040231114
0.230840141,0.076416931,0.078540408,0.020939179,0.552719831,0.040446067
0.232321909,0.076947915,0.083696498,0.017799706,0.546757231,0.042246397
0.240798635,0.084971192,0.085494227,0.019378144,0.526944707,0.04232917
0.651277531,0.065892014,0.025378637,0.004052413,0.246337242,0.007062162
0.654777047,0.057847686,0.021928017,0.002991813,0.255432738,0.007022698
0.589412472,0.073591337,0.035933427,0.00328855,0.290074193,0.00770002
0.589884448,0.086438282,0.040523409,0.005172891,0.269456628,0.008524342
0.667650234,0.066846838,0.025121214,0.003560962,0.230570626,0.006250126
0.816471153,0.096895778,0.040726154,0.003924392,0.032425641,0.009556883
0.760248293,0.029631991,0.007765905,0.003041533,0.195811544,0.003500735
0.677498752,0.038132268,0.012538346,0.004565884,0.261735749,0.005529
0.682815654,0.039352304,0.014781533,0.002995377,0.255084543,0.004970589
0.672821557,0.020136668,0.006082194,0.002956286,0.292357274,0.005646021
0.167088954,0.045607067,0.013558858,0.011504485,0.753201397,0.009039239
0.662439189,0.018835037,0.006464788,0.004422592,0.303832046,0.004006348
0.685624986,0.020689055,0.005931878,0.004409024,0.279965772,0.003379285
0.651503424,0.021137243,0.006877047,0.004882405,0.312354868,0.003245013
0.660716324,0.058476027,0.027425799,0.003538813,0.243107877,0.00673516
0.688832305,0.020502821,0.006682822,0.004363712,0.275822574,0.003795767
0.664790635,0.021724448,0.006753715,0.003977187,0.298401621,0.004352394
0.635181452,0.019254032,0.006350806,0.004939516,0.330040323,0.004233871
0.660227886,0.015844121,0.004247573,0.002966559,0.3125,0.004213862
0.159278423,0.065445392,0.019577681,0.008250594,0.737099706,0.010348203
0.644227485,0.020932522,0.006448502,0.003857048,0.320215352,0.00431909
0.704266081,0.035022077,0.011836405,0.003327045,0.240241703,0.005306689
0.646586693,0.074163879,0.028677429,0.003140297,0.240321596,0.007110106
0.684320173,0.031249362,0.01127428,0.004187006,0.263107371,0.005861808
0.604625367,0.083145112,0.043995011,0.00350006,0.255291758,0.009442692
0.658345439,0.020337946,0.007263552,0.00493157,0.304725132,0.004396361
0.736487323,0.022017412,0.006648031,0.00383203,0.227141914,0.00387329
0.655080699,0.070147881,0.028437146,0.004343173,0.233473725,0.008517376
0.644613263,0.069815542,0.029893072,0.003629316,0.243424305,0.008624502
0.647605676,0.090954186,0.037717464,0.003428055,0.210896255,0.009398363
0.64040929,0.081763305,0.040448541,0.003079151,0.226605219,0.007694494
0.626465842,0.058956428,0.030150619,0.003792361,0.271005917,0.009628833
0.728854787,0.032099113,0.008877313,0.00269839,0.222456865,0.005013531
0.237787758,0.062471599,0.082380958,0.014825855,0.553268668,0.049265163
0.151475239,0.04912603,0.089051617,0.015484686,0.643897451,0.050964977
0.301140363,0.066653385,0.065984914,0.009597696,0.523010175,0.033613467
0.263334478,0.055257196,0.055685291,0.01058533,0.578768776,0.036368929
0.355823032,0.036483017,0.019329207,0.0,0.577815995,0.010548749
0.480915335,0.050690566,0.023255336,0.003698505,0.432251177,0.009189081
0.483045403,0.033059008,0.017175186,0.00626584,0.451500574,0.008953988
0.290836391,0.06075965,0.065519891,0.012905907,0.533114104,0.036864058
0.273406549,0.066217067,0.076265586,0.012802758,0.538284087,0.033023953
0.468887198,0.068033305,0.030179658,0.003102349,0.41918974,0.010607751
0.430526305,0.072355557,0.034257482,0.003855244,0.446036745,0.012968666
0.54346222,0.057763298,0.027074809,0.0,0.357820106,0.013879567
0.450959824,0.056658514,0.04382199,0.003119905,0.432665863,0.012773905
0.24800107,0.070958684,0.090552473,0.014235554,0.520635093,0.055617126
0.234625261,0.063365797,0.081565999,0.012038986,0.55325722,0.055146736
0.351376067,0.05015718,0.052973323,0.010220272,0.499581337,0.035691821
0.244803525,0.055554764,0.058097069,0.012182759,0.593975789,0.035386094
0.377937324,0.081132675,0.060301947,0.008653763,0.450717423,0.021256869
0.287830901,0.070258616,0.073828048,0.013050109,0.513395769,0.041636557
0.464734701,0.062836674,0.027339599,0.004035828,0.428375236,0.012677961
0.294890331,0.055703131,0.067566934,0.014100008,0.528848946,0.03889065
0.356356193,0.048730552,0.036368606,0.004177613,0.517435447,0.036931589
0.333858801,0.056658962,0.051069257,0.007976282,0.5180083,0.032428399
0.299008811,0.057521564,0.054048381,0.009664143,0.538097826,0.041659275
0.302045646,0.058368553,0.052341956,0.00871145,0.540771998,0.037760396
0.290955727,0.081004723,0.101801651,0.011528692,0.464024548,0.050684659
0.275731205,0.070774021,0.087424858,0.010793407,0.512068896,0.043207614
0.299371293,0.082142676,0.095930663,0.012492905,0.461772204,0.048290259
0.338238516,0.082966309,0.096203426,0.012212013,0.429811249,0.040568487
0.425346073,0.050801831,0.02729639,0.013025204,0.47364534,0.009885162
0.380336203,0.074966615,0.03534026,0.012597063,0.48622202,0.010537839
0.373729472,0.085526477,0.047399011,0.015116503,0.468332138,0.009896398
0.358622891,0.07646618,0.052249011,0.015815594,0.477829125,0.019017199
0.336123683,0.088571503,0.079133242,0.014642069,0.445366307,0.036163195
0.335173411,0.089187216,0.089732505,0.013486176,0.433857454,0.038563237
0.403883524,0.04956854,0.026668222,0.011868352,0.500105109,0.007906253
0.328761076,0.079915439,0.078273981,0.012385679,0.462468253,0.038195573
0.381478676,0.065895232,0.034467166,0.013106759,0.49647562,0.008576546
0.393256819,0.060079355,0.028736469,0.011285261,0.49719068,0.009451416
0.377880457,0.075246943,0.052663953,0.014900953,0.46314894,0.016158753
0.319815411,0.075359173,0.076072654,0.013082252,0.478340809,0.0373297
0.382608854,0.059144517,0.028732389,0.011346136,0.50912056,0.009047545
0.304395099,0.071750982,0.080251047,0.010111566,0.496800735,0.03669057
0.392558198,0.060700681,0.031362203,0.010551612,0.495232586,0.009594721
0.395451017,0.058253217,0.030677322,0.012101665,0.49358423,0.009932548
0.39766371,0.090469679,0.060513447,0.015743155,0.418302767,0.017307242
0.316359962,0.080348382,0.095696726,0.01197274,0.451709575,0.043912616
0.367321768,0.066875043,0.03945088,0.014292967,0.50457149,0.007487853
